2764288
2763781
2764308
2764322
2764323
2764327
2764331
2764340
2764341
2764344
2764345
2764346
2764348
2764355
2760773
2763339
2763862
2763864
2764388
2764393
2764403
2764404
2764405
2763897
2763898
2764417
2763906
2763913
2763915
2764428
2764430
2763918
2764432
2763920
2764438
2764439
2764440
2763415
2763932
2763933
2763935
2763948
2764467
2764468
2763955
2764470
2763965
2764479
2763971
2754250
2763982
2763984
2764498
2763987
2763989
2763991
2764505
2764508
2764510
2764513
2764515
2762982
2764535
2764541
2764031
2764547
2764553
2764556
2764561
2764562
2764049
2764564
2764053
2764567
2764059
2764578
2764579
2764066
2764071
2764081
2764595
2764598
2763574
2764600
2757946
2764612
2764614
2764617
2764624
2764630
2754928
2764174
2764691
2764693
2764696
2747800
2764186
2764188
2764189
2764703
2764709
2764710
2764211
2764212
2764213
2764726
2764727
2764218
2764733
2764738
2764741
2764233
2764746
2763210
2764240
2764249
2764252
2764254
2763742
2764267
2764272
2762736
2764275
2764281
